29
19412 32513
12376 8804
13312 34
17081 34322
32136 18859
33132 33773
6113 22043
10683 4261
10407 30487
6141 29016
35481 12776
33343 15800
18767 24908
252 5487
24332 23258
37190 35144
16661 32644
17464 14071
24993 17665
12854 31835
39981 22529
2103 774
17926 14171
29632 16031
17889 10859
37032 10484
9019 24341
27147 38983
33472 29103
293
38279 35019
27829 30938
28761 38020
9122 11192
354 12314
1046 988
36568 22332
35972 24906
38315 6447
4037 15047
18661 33411
25514 27910
34926 16838
15477 885
10081 31645
13749 14366
36239 29908
15801 5766
3482 29071
21593 6696
32871 37242
38052 4870
8785 32740
20616 13512
4065 10314
23041 11405
36052 34484
38451 23519
26679 22220
31329 20920
3399 11845
36404 28717
32291 24343
15215 35167
19329 34414
36673 12456
29404 37012
14487 3467
13554 15936
19252 29403
28059 14858
17263 30963
19594 29845
35283 20698
6053 699
35314 37654
7894 135
7828 18482
34129 19247
20496 7453
30516 32385
3180 5326
10854 4870
30642 6465
29654 34490
17851 2294
39786 35128
19913 18150
33614 27214
27517 11079
39711 12771
24244 15916
22375 36992
25250 4635
14726 33769
27263 28062
13974 37711
36178 14681
21133 6166
25743 16798
32512 37926
13286 3865
28626 26359
8036 29661
21706 24053
2186 12403
4347 39231
37459 5846
18993 1792
25400 27979
17822 18769
7985 37209
31922 30813
7198 18266
26764 14222
24014 37689
33825 36963
30293 8249
30741 37688
33520 10695
31564 18810
21245 30915
27921 33624
8449 7046
17735 14860
3909 7274
36447 17990
37195 6775
20458 3012
32977 16208
2679 15907
34702 12507
244 2573
24522 26467
18831 29722
16937 38487
27992 28426
7395 4639
5357 12292
30902 6137
5035 21032
30982 32462
5942 22632
38264 4332
28196 20889
27225 4911
12897 1172
29029 9310
28402 35591
13457 21972
8417 29416
29616 35423
27855 8882
39732 33745
20493 25783
28698 3086
29535 27000
37812 22930
34706 35925
36841 39509
22670 37336
10532 33076
24283 26464
25763 12621
6531 13920
22110 12408
19833 33371
3433 2779
33579 10786
158 34483
4566 38637
14818 37113
10743 11305
34467 28573
22471 25882
35305 31510
7058 24538
17936 5735
39299 26474
10900 26350
32784 25628
33619 16899
8790 3754
26646 1506
8967 25887
12947 15453
17819 25180
12847 37187
32774 22555
37759 1436
2663 2306
31729 4959
36676 19507
2690 22205
15503 38732
33087 28763
24092 37690
19793 13981
19390 12660
829 12552
1731 36187
13211 35642
36986 37031
39135 7736
13117 35655
24403 23666
32726 1605
24276 9599
22332 28548
34509 36827
22413 9192
34624 25717
32590 19165
30073 6035
38081 38408
11791 5229
6944 6861
14660 15411
26621 36105
20530 22846
34090 32077
29573 34444
37400 2771
28963 874
33687 25734
24798 31055
10417 3021
14478 30122
21094 21562
7207 36773
322 12021
13012 33114
33421 32425
15616 28425
26471 31515
25086 21982
28671 19836
29105 22305
33490 12324
6523 5330
17283 18076
6773 5202
13886 14650
20900 25026
34995 165
31758 7050
31272 15428
30501 13199
5726 13709
32945 9096
23902 17045
6076 38761
13029 34789
284 2186
9758 5020
23704 38826
1987 11684
14688 19790
28555 23372
19866 9923
9536 15066
16663 35279
31765 8672
5598 5432
31681 9278
6584 14900
26839 2871
32420 14492
19813 34189
11875 26531
15137 26088
31084 23754
18602 27572
30766 20066
30556 11768
13746 10222
15816 461
6839 36124
37603 13614
15081 7348
24806 39525
8399 33440
16434 37673
18434 1999
15200 17973
39139 39474
13171 582
10565 28985
1141 10326
15621 10136
20219 22064
31105 3486
8405 29475
17225 9217
13449 12232
37846 645
26336 29621
39639 33787
36206 519
34185 20163
10361 2677
20103 8901
30642 20022
35116 14744
17211 26074
34904 2649
12295 1089
11926 26267
1439 16672
7120 8264
21038 18900
30455 39562
28138 918
29631 2388
26532 28465
15257 31576
4190 33949
35596 893
39079 15069
12019 13593
33796 9250
10495 35784
38760 22120
257
33493 17649
7602 24521
13543 13019
8946 29713
33304 8124
6675 29570
10513 36165
2537 2724
10017 19511
23639 226
3949 32738
15226 13687
1046 32441
7684 2126
30720 24193
38328 467
9240 22098
29293 11516
23668 39105
21440 3360
20618 25922
23194 26678
8075 25037
4691 1457
8845 12578
33292 7096
15392 1786
22191 34718
12822 23330
33717 22509
30979 32054
39207 39356
11338 38849
12507 7859
31977 26187
6421 7710
22538 17452
33691 39589
22048 28942
26006 26233
34675 27600
8642 24448
14526 12617
24303 13191
33396 9624
39275 34837
20566 15775
2870 3792
1911 5247
37363 38788
21123 7586
39036 31427
38167 16596
14131 32911
14685 30631
28005 9589
8116 35010
33219 37445
13506 28000
16486 23430
17372 21738
10312 10640
17810 30233
33669 8829
6257 22338
1018 27171
33275 22778
3628 28147
10180 2546
10058 10061
13972 18361
14351 30186
4722 20034
22912 11982
16164 30835
6053 2780
548 23499
14995 11472
3449 2949
14454 6160
2049 38202
6359 12962
30319 9928
8062 19808
30167 38186
10224 12244
34301 21705
34155 9302
11702 12377
14010 20079
29269 14201
756 26470
31902 36615
22557 7914
38281 16807
5766 23439
8433 12733
25247 24459
35288 21407
17629 1720
17480 34369
25293 32427
29333 16908
33415 37400
12054 20833
11693 32787
14093 25294
19602 6816
31115 2758
38969 14263
1299 26482
8435 25761
28723 13224
13482 20314
32560 36416
12781 8928
34087 31312
32353 17534
4710 14032
9136 37323
38930 22824
3500 30279
13890 32446
10020 1579
16110 14918
6734 9672
28546 24841
30199 12360
17060 25704
25580 33237
8407 39644
22112 20367
28265 20157
35486 6355
38189 9378
19614 18849
25236 9467
34682 6321
4751 2085
3363 22810
2100 21831
28778 37665
3670 16880
22467 476
28900 27149
3194 10477
32227 23062
2923 30847
34591 3985
20293 5722
13983 9685
18965 27435
39092 31574
26343 26223
32446 2081
7417 11420
33233 3100
35668 10518
26731 39473
16043 19174
757 20948
22310 29555
6336 1029
13215 17115
30286 8248
8066 24714
9088 32518
7218 28378
32971 5157
28379 1613
749 17962
10430 34336
28205 35047
20136 26813
539 17416
22032 37626
22387 37557
28497 15504
15302 32509
13279 36169
6923 30360
9681 29874
3989 17788
28820 37602
34582 19519
35926 17180
35203 39997
36626 38377
8894 17911
34427 1702
2093 8777
35103 3825
25715 14101
36461 31891
21329 11710
14381 32901
2246 28465
14323 10980
21362 28410
21424 22935
33606 10949
13141 34702
31147 33381
8478 27807
30684 29545
25113 36965
33085 8636
24854 21626
25532 37567
15915 13476
20419 17368
19248 8569
7328 31500
11370 35887
13616 2154
3135 14054
21909 25797
10875 1385
17791 16885
39580 24272
32207 556
36347 26348
9560 26977
12296 38902
20819 12494
38999 28254
3383 2679
25479 8966
339 5738
2763 12283
19188 5147
33137 29017
37482 2337
1930 28424
14282 18912
3443 15053
14350 2873
27915 27521
9056 17055
30086 34839
27991 38401
28944 10818
6013 24235
38001 5251
17459 34423
26006 14474
7847 37330
2578 15012
26438 38858
37261 30713
8463 18487
36778 22434
14527 34123
24818 2061
12791 9852
2520 37727
12622 10128
474
5697 23687
25437 29819
28084 31889
9659 27044
14579 24708
35428 11719
29140 38136
15948 11034
8426 17308
26909 34373
20845 28329
13339 11432
27518 34898
34811 14468
9190 1771
15677 15889
9370 4187
23662 7052
38425 1453
14845 28307
8672 25767
34042 32137
14146 36387
32076 14410
24403 21795
1573 37412
6536 3424
26428 13870
27160 19264
6802 12839
34184 33229
36784 16240
15589 264
12241 35340
26536 20190
9507 37155
4772 3583
2793 4873
14237 33913
9454 5872
33005 17148
35642 20120
1903 10522
9865 22795
24421 3369
7923 39230
34200 24538
14918 24496
36392 36050
4164 8906
30952 29760
20352 37152
22892 33430
32805 20257
8788 12802
35229 4996
26629 39846
20767 27928
25404 33122
32001 9020
28788 4189
23746 11000
17709 15097
23677 30874
19898 4313
20338 36533
38925 36257
20214 16704
22331 5769
26161 26025
28396 23668
1044 21516
8613 28655
4729 6555
29126 12733
12383 22705
224 30678
37380 11821
17121 28454
8326 27984
25592 20254
11926 24498
20998 19766
20972 11745
27029 21145
9709 3357
26190 16023
36225 6899
14746 18332
29494 7940
14457 13152
28601 28662
2755 37426
13276 9377
34154 1677
30409 38033
3601 15275
1018 3104
26604 11603
8343 5245
22992 25106
30460 20777
24204 1697
34247 17740
8047 14228
11563 20682
12210 19174
18856 27659
12203 23529
23530 29129
34505 5843
13055 17702
2619 37088
2020 33671
10907 23009
28866 7980
30579 26361
32625 29686
29350 38412
20952 39832
147 4733
13777 28790
7090 39195
22322 868
807 7240
7423 2465
16514 9180
33808 6359
175 28455
727 27894
14161 35914
6211 6791
15485 18952
1056 9136
31383 24672
22026 19167
3244 38443
30036 14174
12207 33651
2110 35883
36285 26667
32471 21583
6876 36313
35107 38392
25622 26224
25261 2153
6253 30954
24014 32846
36174 26765
825 5187
2711 29917
32021 35062
13640 17389
3692 12036
16598 11012
35268 9945
18225 33230
1617 14667
35382 21369
11851 33954
3987 11644
21301 7359
5071 30248
27170 31720
4312 19911
34509 27154
35315 15427
25864 36214
9510 8425
22524 4408
34381 28381
33396 20536
2532 37610
21973 13814
29159 28667
17716 31806
31962 8823
7693 38539
16917 21788
17046 23683
1867 4298
24006 20426
31759 15518
20909 9733
6155 14
4484 10182
12032 26786
775 13518
24995 34448
9646 38282
24877 21124
10264 14634
32038 8505
8792 32265
9430 13561
28882 1368
11076 33012
15091 35498
12783 35861
18650 5343
2378 15934
33467 24365
10505 21313
35343 29835
18716 15663
3180 14793
17455 38992
5123 1376
12976 13913
24657 24251
18976 29219
1637 28630
14549 8682
8614 36435
32162 17232
20644 12915
9676 11821
21082 14747
37350 16672
15062 37169
16105 4736
19476 27234
10036 16717
35510 25157
39781 7769
36280 38129
14358 2041
37511 8628
37784 6354
28514 25159
35062 35738
226 10618
7027 6956
17191 30747
25784 38045
39486 38654
30043 2422
26165 32753
38364 6573
25978 11840
25824 28122
5011 17261
39903 33334
20216 26333
27033 34035
33199 2175
19875 4329
31278 37545
17486 22502
12040 38881
21301 7663
3244 4309
33818 36475
22009 15766
506 19424
32057 38994
23951 5098
3821 5629
13910 34494
36445 24606
19419 34124
36976 17180
37759 13392
34138 22176
32919 27206
22558 11451
17420 12509
32946 33751
758 16222
23434 17645
4625 28512
26320 30187
922 36168
30161 38852
6778 32619
11073 37600
27898 22102
32177 32272
9691 10945
4229 12963
38476 31714
36590 25191
34642 22886
14273 12411
5774 29942
31500 5416
9784 12349
30520 35272
36807 33194
8870 10785
24975 30562
38041 25688
30995 16244
22445 23386
29682 34079
38244 15995
4218 2668
2873 28018
20689 14112
33144 37714
37089 20162
35822 15869
30503 5382
36431 2087
3169 11553
33919 10425
24389 17908
1496 38980
6496 3706
19558 23849
13408 25268
16584 755
36328 14427
28944 3449
32790 5314
28149 26493
32575 20531
25257 24736
16200 34879
14435 39161
9820 6565
7909 119
12086 8098
23734 15933
34602 20552
15659 36390
38223 32074
6095 8894
38510 38854
5343 1437
13411 23246
3310 8423
2842 21299
19535 29067
31907 31296
36611 3293
21419 36675
15792 23084
10056 10621
11673 9192
25781 24647
23513 22704
39945 39999
20873 3220
31747 29320
221 31860
16 21382
36229 28539
10855 28209
29309 22718
19717 36212
34582 28828
17292 10089
24364 16869
22267 8484
38405 666
14868 12461
14211 19242
7622 12690
12962 17783
14336 31607
17550 23238
17986 5407
26650 3188
29237 3302
15828 9365
27503 14930
30028 39504
13918 2553
17544 7939
12304 37297
18593 37763
7235 21287
12722 32892
19095 14242
15633 36862
36168 24761
19566 26067
14552 20582
33734 16519
19750 35745
9698 16560
35895 18875
37783 94
37564 1438
25164 2596
18818 13825
23872 18751
1636 38386
14681 4907
30016 8360
10978 27505
16931 31909
28848 31371
30734 345
9731 39028
16584 28084
19357 12754
1745 7810
13046 35473
12659 13287
30944 25638
6843 26540
9415 36873
38420 39501
26649 34670
8628 17331
16759 28917
1650 8073
37650 32728
38688 32754
34680 19779
39671 10466
18612 14453
34368 18363
27284 12456
33144 9144
11402 22822
39052 15657
531 33387
28138 26853
28927 25375
29991 35955
7339 32090
16102 3454
20814 8462
1004 11740
35397 23007
20977 9450
14347 6212
15830 34058
27003 3113
39034 13755
17520 38869
36677 24104
20625 26266
24727 14575
9889 36935
30760 7809
28386 16513
2084 1401
27583 25833
4368 18846
8609 39933
28299 26176
25192 18589
1341 39673
5119 39761
35356 6806
27905 3680
29720 23946
4159 33958
11001 11617
4313 16215
26527 32454
36647 4021
23098 39055
16878 4291
39344 37022
8000 32662
32946 14728
18889 11471
21412 29249
37595 34540
21609 39172
27223 7657
1125 28681
9791 6136
36173 35693
28463 37560
30150 24666
14267 15026
24396 30090
2777 36967
62
39158 21027
19557 38304
15172 34263
38062 34012
7463 25545
8004 22837
17120 17141
24725 3975
39272 13700
38146 5562
26187 39582
37720 14164
10733 28998
27913 27526
10585 29644
22398 27911
17372 39709
38955 34265
15547 24545
3667 3063
14960 23234
11968 4949
16831 15761
37920 22287
5 30440
11505 18035
13711 37162
30947 35338
16815 9321
38026 35445
22078 27990
16351 20810
2141 34931
4631 13703
16599 27548
24619 8694
23719 28451
30664 34512
19189 18189
9959 26734
11855 314
25998 30406
19813 2855
38834 902
37356 12271
21786 28774
22468 18799
9544 24439
4922 8114
776 12161
12968 33022
1563 35355
38397 26814
29261 15140
5615 27376
19093 16238
5427 6489
21037 18060
22554 1491
26314 107
30281 13955
9358 31500
44
33586 18287
1388 356
11144 20058
38369 2059
18838 35674
13194 21869
34893 8210
5519 30895
22161 33829
23539 11882
21417 34741
17554 33971
6173 27785
2800 104
15252 30844
12821 20289
24427 9260
33014 16573
26710 8690
2217 26955
24394 38074
12581 21355
38501 5228
27576 13109
35075 23519
22022 25949
18497 4876
14740 6438
9240 30649
7845 21872
30348 2366
25968 6454
6070 1428
29504 22957
35901 19135
29668 8266
24088 20000
30227 26993
12823 2634
9165 8948
5975 16870
6306 37978
12142 9794
14892 9185
338
39235 37654
7537 7158
33469 23274
14750 33777
8017 15838
13368 21191
34900 1113
4533 1686
8508 12171
2309 33609
2491 21883
16213 821
16119 3517
21075 32580
950 35469
28349 2731
9758 17407
33231 20464
11002 37556
26294 7458
32619 39533
35679 33221
21179 35810
16411 31475
18388 38673
21129 33942
6610 27181
35090 34690
38798 22876
27689 24458
34602 20750
19137 31180
36932 25971
37055 27622
14758 21538
26246 33756
31374 22894
27459 26912
36982 5535
39073 31467
27806 5234
29009 2510
22655 19724
10706 34613
15300 16443
9498 36799
15381 22846
35426 3923
9407 2532
12432 24349
3730 17633
11557 14004
4496 8719
20804 1492
6765 2925
32272 30297
22571 16800
16640 12930
1817 38739
2133 32095
33819 38576
9820 28084
10294 16722
22639 25111
24342 34554
11593 8611
21992 17094
15450 22554
8438 1782
35819 12412
13446 10300
6202 31942
14658 8166
20824 20142
37275 8022
30477 24685
10153 5033
26611 30594
10410 36731
386 38677
19876 14095
17857 34645
24204 10395
34181 20030
37620 5646
11583 33351
26192 37048
17700 9700
12960 35408
8154 1782
33404 34848
17846 68
26984 34832
9210 9802
34923 12034
33593 39630
2055 2089
29121 27119
23082 10297
23864 39623
20382 29504
32383 30570
17286 32775
10807 27834
14751 33461
29995 33567
33270 39734
2334 27007
25188 26374
26727 16225
32488 35974
6124 23466
34542 5300
6358 6889
12276 15986
10053 5603
36769 1051
307 12844
31149 15640
8155 23322
5002 27606
13874 31142
35686 12986
26737 11907
28813 29198
38794 24571
32250 9239
2370 10893
20697 3757
30541 37249
5019 2180
14063 284
13618 23479
11164 6921
24719 33128
29921 34704
19051 38427
37439 28276
20652 29237
21145 34064
27923 3410
14162 14939
3548 19752
22935 16261
25080 22570
34498 7604
2881 18340
15399 13227
39970 29174
31915 39962
26826 4710
11229 6733
3573 18181
31516 10131
26851 9923
28571 9843
7224 3603
4841 8731
32587 16483
33280 29343
30337 27115
18911 10104
2180 549
15506 26000
24313 4154
6335 16403
33843 12004
39019 35203
5117 32715
7275 575
3686 7814
3702 23877
22184 30278
29386 21073
18022 7153
9426 35773
10207 8098
35743 7395
7934 32212
5669 3416
25161 10978
1782 8011
25168 3337
4127 28687
9766 39244
32051 28605
17283 20448
13454 6720
1945 16228
24513 13411
10267 6624
32210 6556
37400 17318
34345 33389
37336 269
4362 39957
4374 30217
12182 28001
14676 9569
32703 20599
34798 15788
33917 6657
4537 28348
12613 9222
7111 7723
2293 32385
32618 9656
22627 39276
12270 18979
5237 28190
867 39431
1752 27314
36537 16563
8944 12204
38259 9044
14091 33307
23861 34763
4656 10410
17830 2621
25919 18640
13577 4126
5932 23680
14341 13208
5289 39088
14322 38814
12605 1748
18052 27174
9221 21705
6607 5638
11185 13924
19766 7576
18270 39969
38190 32143
12425 1838
31357 30836
13142 29693
22979 27917
30509 39344
7931 1443
24077 35814
2914 8076
27105 20643
5148 16852
31300 35906
34065 31806
4362 14477
19289 21772
15994 18747
11300 36467
22781 32285
1336 32012
22006 37946
31287 36250
29687 16250
2962 18758
31772 12208
29512 8373
12886 36665
1559 33052
7535 17062
36628 23002
18357 37513
14166 4380
5482 20965
8811 37988
356 35458
3139 21266
38319 13668
35248 20580
32361 19431
29691 2874
39161 15327
24035 26961
7079 29733
12677 11336
35158 37972
36653 38471
5900 26678
15481 35467
15737 29884
8464 32778
26292 14674
20256 1188
5023 29857
39036 39466
35369 10579
8846 6981
28809 14938
13197 29004
31850 31558
20573 23282
24457 20028
33833 21939
15302 19960
33697 38984
28574 16942
12542 1563
1569 20521
37501 39866
21283 4449
16044 36610
30591 16665
38480 13738
26725 4437
28624 15372
30631 1795
31245 19878
21376 4462
5532 39297
24933 9942
27304 14727
13406 16794
3161 21124
30417 20530
29407 12659
15278 10941
24105 29735
31411 2614
11039 7461
23710 25974
24208 37919
16640 23019
4979 31666
22218 34166
29662 18866
34068 38381
13165 39806
15456 16894
20690 18395
14057 333
6467 3092
10853 7251
18039 6209
34881 14839
4795 25085
7739 30295
24281 38201
10717 24722
213
25502 11654
37014 7998
25511 4048
17481 13705
36815 23341
16493 28500
4336 12180
14412 26181
21287 18180
1412 403
26045 34562
17919 3510
34631 6958
13687 21838
19361 20566
37780 12936
15215 31624
16180 1758
26169 1356
30045 28512
25939 16223
36072 39219
10154 17745
12662 30180
8938 19246
16092 38651
5027 33776
24612 28262
28460 4107
18003 35808
39206 10642
3365 8032
27330 39716
35342 8489
17625 22808
23533 5104
13757 33984
4636 23311
25636 19142
37334 11947
26113 25043
10650 16475
3232 2670
28705 12942
36467 27697
13038 10895
22785 7650
12922 1301
3992 7253
37521 37700
17968 37122
16416 16234
10024 6880
30514 9047
34119 2370
4331 13696
12150 37310
28183 30607
12958 14567
12616 4028
21872 2720
16659 38506
2993 31674
13453 22320
3547 7245
5721 35060
2104 34711
36317 34769
30223 36414
18440 10042
32472 21004
30320 10657
12485 29394
29873 37969
1055 39175
21610 33490
13263 4955
547 22162
7735 11292
31884 4809
8661 39947
28249 9111
39374 294
13583 7270
4887 20462
8230 10783
29930 34384
25370 24041
24390 19540
1902 36868
28165 36797
20893 6199
13028 7308
16434 14101
966 14806
14625 22527
30382 27868
27889 35144
10115 14457
13109 31351
11229 21952
29508 16168
3881 9715
11430 21329
25887 15608
30109 6302
26982 12477
28798 32311
7253 10888
31466 35187
29181 13242
1902 38343
20832 23458
32767 26994
16220 16532
39008 1727
24697 745
26866 2024
1122 32476
30166 7088
8829 27276
28292 28433
36765 5042
24485 4759
24548 11843
14262 19525
16856 20426
31308 2521
29796 25168
29111 27971
5760 22392
1034 15589
13279 39791
22324 3079
8691 39305
15007 24202
30008 18337
37048 39310
18386 15903
33747 36404
8827 27126
400 34608
39327 24654
23346 15162
23779 22144
25691 187
32623 1847
12542 9943
30490 8171
29136 14140
13487 13580
16037 26626
30843 25349
12483 25889
2872 35031
17253 14528
22426 5806
6023 33541
38673 34258
828 22214
31389 19647
26659 21401
38648 24353
35004 35958
25745 39871
7767 29943
25228 31854
8903 36599
10134 33001
35106 12092
11670 19346
15808 9103
37491 715
13849 25735
34432 5403
29760 10967
34526 3979
32155 10495
20898 28729
15120 5558
23434 35314
28376 663
36951 5579
18542 13568
3515 10386
32127 224
18139 23015
26494 33003
32740 28776
38967 15825
20920 28827
19925 31893
29100 34351
39169 10830
2460 36283
39105 14580
4163 10929
38610 30921
7118 30784
21008 888
19823 6994
20249 12156
33570 29931
35344 4753
36780 34901
11318 13556
27862 32948
29976 34631
2731 27170
18089 39743
38515 35905
37134 33704
24045 9852
362
16342 32252
13824 10295
9791 27293
28621 33203
28736 9389
30735 19677
19242 37350
10044 38869
38739 25412
25210 28929
23532 13141
38423 3505
6599 29652
32435 10564
6249 10093
26630 36946
1076 37994
2157 31102
31869 5661
15604 39845
37590 37115
24004 16445
39852 37217
29056 17902
30733 28390
1559 29822
12373 162
15316 1508
22898 22784
28617 10908
16452 30926
19586 13897
28962 17120
2261 36188
4586 36573
9109 5691
7228 9484
6607 20312
19560 4300
5002 13467
29468 31356
8290 8095
38167 5567
5478 31130
38383 28457
4819 5478
23079 33298
16772 6844
24044 29057
39703 15517
21957 9471
36341 36759
23984 26406
28034 27578
35465 13289
4837 20842
33970 2782
31925 20016
3409 574
20380 37473
4627 38557
1209 35232
34358 31701
38444 27071
267 34948
19847 27448
27508 12120
18329 2134
38701 18216
5403 31599
5381 15454
4531 27733
38154 26368
21465 2048
33048 30811
31118 35975
4067 27084
33971 10593
11298 1724
32769 14772
33713 15779
9864 10947
26175 2711
37661 3105
8314 1903
15446 4639
14117 5917
39433 10116
1416 36188
39052 4982
7951 18712
39411 32668
26105 25262
11369 37480
5795 3486
68 23978
29625 36245
11353 24926
9135 20276
5082 16627
3272 10994
9836 32391
8598 23631
847 13958
34952 15886
33332 8817
33911 26175
28766 2306
24648 23275
32332 31363
31330 29182
14304 16630
21077 4551
10281 35883
38244 8923
31778 26251
2698 13695
11683 5148
2556 10588
9177 7892
9711 13568
29832 8445
37848 11405
5200 433
5709 9255
38362 27706
5400 21115
17356 10003
38597 9476
24875 25859
8913 8577
17346 15557
4413 26184
36187 39037
2825 3789
35444 32154
3379 34616
14307 35151
1559 32015
20557 23979
10918 22223
2794 7200
39023 26131
13876 16863
13446 13473
39472 8961
29978 22630
27123 9222
8632 19796
6630 3207
5900 35654
38830 21238
11144 22455
33104 37414
24360 2963
13197 20453
35537 36144
6993 13423
1332 33904
17442 38070
21859 1769
7865 23671
23820 22553
6743 24795
35553 32223
23978 36909
34219 21880
31851 1244
25360 28736
25961 6805
27452 38060
1969 13879
39004 33892
1656 33565
26212 14065
37725 133
17910 3479
14128 13797
12933 13424
30686 6395
24342 33426
4088 3953
13708 20324
6207 19983
26087 13312
549 9172
16956 1060
9444 5311
29070 1241
13449 4374
31058 15765
29404 15228
35483 32231
30602 31038
7965 18307
20747 33430
18993 22705
30276 6426
12712 11084
30995 10508
13162 19519
11453 9455
8617 32838
26878 35527
30736 3439
26326 38469
14420 132
26870 30588
36636 7628
9352 22921
23749 34122
24794 23626
11720 976
24658 2784
642 15653
11302 6041
9806 39837
7339 417
1291 14583
16382 35493
12216 37404
11876 5751
27961 4871
37701 923
30767 26049
18376 18840
35649 402
1699 30794
25563 29364
33815 1006
7379 14725
26706 2090
11875 25233
14227 4573
19168 29821
10955 35380
1124 11824
2878 700
15737 10130
14773 31219
27364 3192
36791 26275
3455 26573
5218 33124
31750 4670
15324 31028
2172 5900
20676 14892
24607 4500
12304 10559
15148 25410
5950 33586
11858 21009
9944 39586
22818 23837
15034 1554
36986 26028
35364 21594
16332 30191
18469 22471
17704 25087
23765 14233
33103 20999
16758 2928
4493 6728
15192 24916
27258 36650
10208 7313
30525 4566
3873 32793
26577 35070
28882 9972
14431 31909
24889 29554
27563 30622
29537 29583
33931 2069
23316 36316
17991 9811
6764 23012
8825 8591
9490 1953
1216 26265
17251 23641
29682 21968
25135 18303
11147 29931
25854 24892
3336 21749
24101 14855
16568 17194
39683 36925
14133 13437
2528 29337
28151 26203
15900 32328
2402 3161
15362 12920
14586 10149
2507 21821
4915 33726
10765 36257
8865 23398
38149 32739
26642 15272
2525 15485
20152 14014
6608 24625
33431 25305
17643 12987
11675 23183
4529 38863
9283 15351
38373 25453
16076 33521
32572 22191
20952 26085
1005 17432
17589 31401
30160 29780
31631 8527
22405 29915
13684 7983
8018 11774
19896 26914
9383 1893
31034 15599
11718 28771
36705 14036
9719 25837
13373 6661
3201 28677
1682 8134
7075 24447
1380 13268
18041 32391
34879 15120
25210 20999
35405 28479
30184 2198
37689 3576
37229 4467
20173 38070
30503 15736
22927 26008
18559 3688
28619 37606
5047 3886
3531 19154
21303 33210
5017 12175
24478 27529
9598 5258
6627 36024
5888 5797
17649 6152
13793 13361
31339 3014
22888 6287
38881 3533
31622 1215
25142 6572
231
36241 8424
14592 26831
3900 24250
30803 25852
6392 16260
36306 29442
38138 14053
17416 1959
24794 36091
22689 12182
25723 8652
32453 38653
17653 22846
19068 29328
30103 35926
36360 39458
36385 8210
16355 37422
21343 12920
31320 7129
30228 39296
23796 22777
39899 19642
25420 33700
22271 39527
33130 15770
14084 21907
18083 36328
4809 20232
33363 36416
14681 39914
4287 32098
39653 16174
10480 25824
9958 16383
18936 25988
13482 32108
34007 14020
35942 17115
12838 26068
37811 36020
13497 5297
37399 93
18065 8929
20105 13330
6271 11695
14173 37811
23631 32889
38032 8964
33053 18436
37570 6798
20876 18042
2721 16781
29018 9250
23595 10483
37732 34291
39962 33122
37116 24797
36298 20510
14520 24805
27561 10179
16948 9129
12899 26841
21715 19569
19403 11067
24974 17397
24045 7958
14922 23320
37651 16801
32724 377
2330 9285
13489 38396
28165 4879
27379 12724
32139 20582
18629 8589
16773 12284
8714 36615
26789 8440
25752 2629
5776 31320
29826 12395
17354 39125
16066 7457
10692 21457
30399 8739
24502 14932
21556 1382
9990 18459
10523 34134
24971 6689
34620 4573
13888 38022
26566 10533
5884 29800
27938 26802
34045 13941
25816 1468
23725 4099
35434 6447
1472 23619
32431 6010
36432 27772
773 5398
17883 21119
29060 3399
12334 6561
815 11875
6897 33296
30775 30457
3887 29769
10897 31973
27052 14372
33083 4551
38844 19291
5705 36299
4758 13674
20959 7164
35621 18064
10595 38784
4622 32918
36004 3930
21297 32014
7706 6454
14778 37623
7428 27254
3728 37673
35530 21019
22993 7924
7627 6300
5043 25917
7699 39718
7836 22597
38768 38928
26364 33558
33493 36773
14128 995
13491 4071
24311 29388
17503 29023
33671 321
13723 16606
20937 17279
12448 37890
1116 14084
29682 33711
7355 24875
22529 4081
38246 35104
37868 30546
16756 13366
11151 33408
18481 18831
22926 4863
3178 32174
7599 16676
32582 34830
15079 28372
3016 24358
22777 8145
10188 3078
7590 35727
38560 4293
1857 26946
19377 17893
28209 17
16670 25436
18230 21305
8537 7603
39334 37476
14501 31323
10657 33195
11805 29912
38903 14614
32609 24673
28919 30611
15076 18498
1187 14388
7966 16442
34262 30208
13417 7013
32981 11103
10896 32996
20207 34805
24985 23697
34476 26155
4697 12542
35562 23523
11550 37331
19076 28310
26369 11413
15414 37137
5642 37088
12909 14891
2486 26544
28697 17132
36357 15638
432 4057
18228 5710
1882 29762
17940 2661
16987 27192
1387 20841
33054 807
25380 3738
8055 27559
9061 31151
22331 29041
7635 26931
16097 28426
2010 36337
579 22631
26666 21445
34460 14601
34576 20910
4255 10453
8757 12102
18322 390
5551 30377
23044 20344
36184 32182
29314 23790
26510 5121
16452 12673
14256 22858
13840 14834
37458 35068
28656 13004
3513 13579
26309 14515
7822 24783
270
24349 38032
35707 26608
8901 25933
11226 37137
15438 25823
4571 30931
5004 20419
3651 11476
37244 24738
7489 26180
29504 3453
25710 15754
2985 30452
37724 22859
31582 22300
27283 23489
35511 32206
4043 36139
4697 39712
39957 14159
35514 2692
20418 27018
567 31952
13734 5738
16785 33335
35254 35031
34672 39624
14667 32519
28962 28207
36917 20425
30370 39143
17027 10002
29393 37202
38798 23145
30735 20837
11950 39604
24576 6572
39436 18768
14163 32407
11451 6894
13082 24961
20977 6660
23500 25980
9853 34120
14322 24237
15041 23195
6974 35811
15759 11031
9555 1173
14712 13173
13690 11033
5002 5588
26667 20391
14693 34767
17931 29353
9585 31118
26652 19163
1122 15133
29457 38650
3709 14639
22422 27297
10300 26130
32857 9526
839 30657
10609 27312
32532 22546
1231 3960
37307 38818
16062 31969
19036 21902
33127 9253
27405 25780
4002 7089
24185 18875
15448 33029
37423 39224
11499 30692
31659 10540
641 19797
36258 31824
14551 4066
15498 24515
30580 104
10418 37180
23185 36974
9299 2648
12444 30648
25189 20703
31345 11654
35147 15361
5868 35347
12992 39945
4868 8339
28382 36867
5479 31144
37062 11474
3049 4978
29792 604
3197 26737
30726 5512
16284 28116
757 33164
33560 13451
12428 37943
6572 37427
29558 8593
25613 25802
3584 38997
5556 14036
13073 17401
25931 30915
15192 1524
16930 17790
12975 30134
10702 5014
32494 8448
19417 18935
6938 29759
38215 37901
26028 7549
36316 11057
31542 8567
19697 24599
30662 28646
35955 30531
22598 38079
31003 23830
32101 13329
22308 18832
35506 28066
36549 14974
14822 37338
2963 34788
3193 11354
20717 12163
37917 13916
21844 24316
15322 13038
15391 27266
21902 35636
24247 17950
32899 27730
1908 28172
30697 12740
19658 19977
23962 9578
1698 10162
19546 6780
13504 39948
24605 23683
3157 13348
2124 5708
19336 35152
2316 35716
5101 28134
38659 25329
22772 27577
10310 27893
22512 36490
5567 36551
7178 35016
35157 19455
20030 21444
871 9327
17706 2476
3345 38788
2214 9455
2734 37285
28338 28810
10165 23130
270 39325
7484 1606
35423 35866
4828 24625
9185 5639
26518 33722
37719 20463
29370 22397
5449 10525
32333 19142
3642 28855
37463 18670
22253 3275
15442 7490
31276 30097
20649 21757
37224 38247
26804 585
367 36743
17168 31282
6829 37786
24379 34105
25833 32138
35151 1188
5666 3861
21808 31443
13132 30667
38348 21240
35412 2719
2908 21696
35652 1584
6860 20061
28049 20734
36355 31531
1549 32803
10822 28128
31469 3851
26168 9711
33550 389
34000 25171
17670 10007
30903 19002
27617 18016
20132 34948
33073 6254
18662 14435
22812 7827
34479 8549
19203 455
20206 32275
3400 27713
22938 18589
28863 12532
12475 12624
662 24729
11155 17070
25123 33190
35039 2869
14838 23359
30571 33875
6324 29884
3904 37093
39399 3075
32863 8293
6401 24666
15587 19392
22632 5680
17242 38426
6816 4721
7267 17511
10599 21910
23138 3418
23400 16858
21275 8269
12982 23392
3811 20603
29117 37239
11632 33257
1126 20638
16486 18881
21426 17083
33373 12068
20675 29703
8147 9028
27323 4528
24506 23130
24281 6062
6538 4736
2714 6839
27018 32257
27897 10800
36278 31153
4872 11793
16646 3408
14624 39589
7972 30538
4570 24235
36484 17399
10359 13298
5434 1911
222
32748 20366
1989 11597
7112 31743
18427 17407
9032 4717
16180 7253
6288 1422
15544 15016
31372 13760
29680 27068
32174 34286
6441 24908
8075 3819
5718 28826
17073 26718
11137 24809
4125 16631
37007 5243
25485 4350
2687 20812
2888 25732
34302 38401
36608 14612
4172 1249
22170 28910
27307 21157
33850 27758
26746 11812
36153 9074
32164 3586
8690 21456
31997 6671
16652 6412
31559 26779
290 7979
28496 13037
2496 10218
8653 22203
28362 32117
4113 29668
7219 27597
6456 12054
26987 1224
35793 18208
5251 8097
18644 33426
25935 11706
37378 22921
33582 7044
17957 6410
6279 21212
11930 29984
25586 5143
3428 32064
17516 9858
15541 10220
8191 39208
21587 31798
27022 34621
13213 15138
25883 678
15317 32221
26396 34058
29902 18373
30255 3130
12267 18039
33277 37
6569 35648
31426 1594
10778 9559
29155 13509
5672 32241
34929 13892
22589 9588
6293 16876
10406 16774
30898 28577
6815 37309
34032 14572
11229 23853
18718 2268
27777 4776
6641 21097
35071 11624
19231 7125
31775 6428
29763 33420
35295 33149
5626 19989
10479 28304
17314 20683
12076 35461
6216 5947
4129 29668
19912 3537
9056 9143
30618 2530
3932 30581
17007 33357
29568 13413
5869 9894
5737 7527
39736 26408
39448 17995
20735 3112
31 37907
24572 5389
2840 9959
37598 37897
27938 6058
33195 10060
16441 28735
33064 27074
18941 30313
13850 10464
23831 38687
20122 29590
6725 26313
6870 18580
22670 25382
21242 6333
37326 17886
30621 15860
36039 21550
28140 560
22960 25837
11251 7059
4095 13815
30738 15529
20328 26762
17383 21531
28588 24016
34742 39589
12907 29876
9634 22759
21426 1392
6502 9959
29357 14924
4915 2766
35903 30380
25183 33076
11585 4633
14875 13637
17093 18236
11613 19449
7711 39341
8497 10228
13561 35867
22487 33230
13687 31477
15335 1388
28914 14842
39667 2335
1572 12272
5429 39002
5525 8219
1010 1384
37984 11303
24622 25830
31741 20417
33805 18630
12702 202
27049 19052
37305 24199
31040 36471
3212 27883
37505 37697
23995 20623
18638 13396
21890 29866
28150 15547
35963 10232
26400 25254
35596 8052
20664 24562
3942 10092
3987 5180
29011 12022
15215 11588
5766 27086
21818 7661
24453 19457
38964 39571
12136 32035
39615 37852
39343 10121
8532 1612
23984 35543
2917 1889
21596 33285
26099 5963
29891 9832
39245 5080
37660 211
1740 36709
13993 31485
30855 31832
2710 35128
2475 14945
38203 35700
21377 35310
37655 19534
19863 411
19717 26811
29166 513
8564 16671
424 28734
13388 3563
15060 25581
2583 2278
20694 31958
5173 19010
39468 31219
17758 27712
30729 4909
29279 37394
16716 35869
19748 1727
30778 16052
9939 14338
25523 36053
35588 39699
397
3337 38189
28203 34
36296 39055
15775 34649
28962 36251
37975 10547
27366 345
4024 27853
13892 24999
20912 12996
7312 11196
29144 14561
9434 9326
23334 5416
9406 29827
27751 3844
3431 32282
28317 8828
14706 1056
35580 5599
15813 20242
25894 29993
28453 7023
10317 37914
17896 33957
23079 14244
21215 20408
25332 2740
7062 11872
13694 12212
23933 8370
30250 10765
3163 4579
205 36029
1919 23927
12824 1971
9686 30119
3016 38318
30419 30805
3459 1986
14760 19500
28252 39616
11142 3920
23764 35551
27172 10065
25404 16978
30130 14482
37250 24608
31844 17711
26780 32502
36341 4632
35611 8664
30794 10933
31301 19681
23512 34703
28496 16540
25423 32028
22471 25931
11895 191
11787 28047
36018 19845
21747 25125
37058 25252
4511 25081
24704 2293
27127 7860
23284 19458
38039 5779
13603 25686
39956 29968
23184 11419
21620 17968
34109 20010
5415 14173
6486 13837
25550 3454
8214 9607
14898 5566
34991 16621
28623 10285
37547 3361
21309 39775
25019 35621
22317 22890
36476 23007
1296 5784
15647 19368
12404 739
33159 7146
27625 39630
22732 21454
2416 37488
28695 30567
19532 27679
36838 1863
10802 10630
1879 2190
14892 9622
24851 21204
515 12013
423 36971
13304 11525
3383 8595
3848 23934
24254 20096
23555 7994
5801 19987
30558 5962
11074 13927
27550 34297
20371 20002
10140 27570
3806 15586
10479 26154
5344 39268
24634 392
19032 908
35728 8631
25655 28033
20155 8928
15663 8575
27404 14862
8068 6384
30690 15433
14850 19729
33075 28334
37910 2998
755 30518
31434 8445
36566 6965
10034 35467
25569 33382
15834 28012
25082 13980
26372 6150
26785 18377
33926 24507
17524 24653
25193 30646
7203 24626
39946 16074
29747 29010
2399 0
1983 18614
27718 16960
11132 13270
36412 5468
36872 18584
15152 33621
17986 13267
31661 6481
19035 27583
3970 24592
39034 2742
35832 28059
17823 27365
8966 32327
9746 152
35220 18658
18306 483
39796 28027
37321 4630
24984 6694
15578 11
27650 1253
29766 14394
9683 15618
9881 25854
24688 6028
39083 12074
26272 19428
15594 17515
24978 35670
34372 17828
25695 28166
21630 28372
32064 11846
15344 16068
22670 33910
29263 24745
18239 5
5185 20153
25119 34182
26933 672
369 36687
12249 22655
15392 32184
5365 2255
26613 16714
38380 35279
21840 32654
10725 10619
3467 34494
16800 14235
32814 32732
23857 37994
13985 16171
20590 14461
21677 26953
7564 19151
16877 8289
11068 37917
14477 4133
5326 28020
18752 17136
32253 28258
2731 19059
23986 9347
18158 20038
29119 25686
10475 31827
7542 13699
23498 29511
36340 33258
17955 32686
621 6995
18959 23722
39475 15756
34300 33888
31249 924
2735 7984
29842 6828
26650 31949
15584 38402
470 20283
29192 7129
4169 539
5396 5914
26140 33950
5402 21490
25720 16905
22328 2804
23217 31286
6008 10238
10992 5829
21724 11016
35163 39752
22524 20055
19500 39290
29739 14169
18843 32807
25663 32670
18016 9755
3339 15023
21328 26681
20613 244
29829 36731
39900 33538
37290 13683
31279 13461
7237 1889
5391 22224
18298 415
12082 11461
24170 38441
29977 36525
23787 39288
20016 11776
5231 4818
18242 35860
32744 24053
6384 25764
38077 33676
21521 1206
4486 5376
20007 38521
28656 10236
25422 19734
24389 12225
15577 31655
29396 9532
4644 10507
37820 27011
30138 35971
8209 19742
22528 2984
4152 9795
12370 30349
4241 27385
21171 18039
35005 4594
39876 39418
4817 25308
35290 17399
3284 11444
19377 2876
18249 39714
27633 26111
16999 14270
21151 24794
27826 38325
23963 18336
7678 5673
31508 6149
35486 18395
34242 22269
29864 3171
23746 12797
37425 39455
4826 39210
30012 10629
27262 7638
38216 1292
2362 23429
23884 18592
7457 11160
29015 4928
31306 27534
16239 25817
15188 36463
19484 32628
27227 22899
4416 23357
6676 6075
5818 18126
18032 13740
13315 9510
31681 7241
23609 36434
16365 3741
25710 7865
25552 4271
3452 25459
19543 12767
10287 17413
1856 3079
31819 3548
10988 33480
11779 27658
22934 13187
330 11237
33288 38480
36999 16539
9500 30563
12206 34451
25312 6383
35631 4102
5984 9861
14194 17230
27040 30260
11661 13266
19436 15791
12420 30599
12707 10777
20298 19318
18502 116
16382 21917
6576 3206
27853 9638
30914 8228
32869 36387
4755 20233
24325 30424
34860 30928
27333 226
20556 14306
20835 11418
19697 2684
5248 38084
28295 39847
32232 7842
1481 36925
30838 2260
27672 2658
25866 22833
10542 3688
15163 16976
24282 4563
10573 20068
34039 33732
9801 1663
35857 4
3235 16898
33799 5072
21257 27363
1093 30369
16019 18727
37686 2526
15207 19788
9006 33636
1392 14802
32202 32225
10314 33791
17823 25967
19865 13968
10115 31133
39288 22650
19458 10774
26332 34856
4253 27507
31897 15881
1147 9392
18814 15582
37420 25011
11307 35220
14301 17772
11683 21669
194
9024 28455
5986 31632
28943 13030
6199 31658
39128 15862
34610 11025
24198 39525
38103 13406
31688 25824
15870 35057
18274 4943
31026 14195
5605 16885
22941 27872
1221 31789
16611 26142
35057 13222
13557 6582
27134 35389
2930 28262
36046 24277
356 21513
18305 27827
25231 15604
2217 10564
26877 24559
31484 35727
23291 20210
1115 14152
19704 32717
23033 25729
25092 29012
22201 25033
17001 18473
1985 1286
31008 12406
29209 5024
34972 153
30585 17997
8244 3787
11420 31617
7233 23476
1449 8562
8623 32987
3604 214
30038 23076
19856 25253
505 18251
7700 6901
20083 19879
38738 33682
13029 34718
25036 25933
2015 19366
30345 27206
7877 38336
23682 28697
5740 1647
835 17542
16486 1454
7886 30085
22574 14960
8969 24460
38414 12660
27568 17205
39119 24989
31590 27974
34448 15657
39647 19918
6724 25658
32795 21450
31628 38019
20784 23870
24976 32724
4955 32064
29332 27788
3547 36481
29048 1299
8818 24196
9737 18208
17556 19344
24804 10827
28445 13049
19251 1693
2488 28753
22655 1665
26809 22583
9847 28397
29180 2478
19614 6286
27675 27399
37756 19099
38212 33934
13220 24627
22841 5214
8464 7665
30744 36443
10420 14686
19686 19041
20700 20796
29914 5507
3878 24844
31297 25256
38107 18055
38332 5282
18465 36695
23669 15166
32107 18228
16209 20012
11828 24452
16043 2016
27969 8703
23928 21460
24882 35067
24412 19896
22361 33333
16102 16419
21530 28087
7464 36117
4741 32825
14971 39138
38995 4052
4009 38708
38054 2435
31766 16167
5713 16897
23466 24587
3628 14357
35130 33215
860 7108
9625 20085
26353 1868
11105 25450
9112 39617
768 35800
2042 15382
24100 28947
33578 20033
35797 20834
36543 36936
38127 30889
14297 28706
34103 38382
21338 26777
27250 3017
21566 38114
30310 33572
20297 21216
4368 38263
39477 34518
26915 30408
32987 34864
37594 8745
7191 36235
14922 33776
37895 32907
28260 23394
27981 20849
5387 15964
21261 33739
8802 2816
20737 35479
5182 21285
414 11659
25402 11280
12311 14751
17042 32980
7802 17173
6711 21916
3860 29054
8536 27957
16053 10915
16759 13848
17245 35764
25278 16708
14850 38979
11718 11204
22893 39016
17796 2191
10088 1617
3038 39589
31045 15076
8522 33158
18347 9606
9096 4814
8429 21302
9932 39360
5770 24690
12035 17694
7926 32463
15552 5905
14310 39820
34628 30345
2587 34977
303
2100 22671
39929 22782
18 14832
35199 1206
17149 2355
16172 15914
4250 28543
30251 33757
11583 22621
39322 6727
19382 12507
13079 36523
7545 8697
12486 28711
29047 29529
35693 30407
21592 32911
7937 5128
21500 12668
1228 23255
26640 38801
3090 37407
20355 36795
28872 15473
31591 8742
32849 233
8369 25257
17679 23982
4044 16486
975 2302
22273 14580
28315 39374
9820 9903
14282 27556
37364 26383
28878 17343
33068 15254
32222 19296
14493 16580
19546 12151
1374 38081
11981 10367
10381 4245
2691 25427
30787 6603
18599 23169
30327 15283
1406 6032
36508 6325
36399 35393
21924 27104
38165 25227
39225 36676
20846 17571
39213 20339
13078 20596
21421 19678
7696 31549
29808 6403
27 35759
22604 18655
15887 18362
27487 32379
38061 22744
13232 3607
71 11557
13642 17132
27380 26315
9722 2728
34702 33792
10508 1130
15093 4223
37668 31421
16881 5863
17461 32593
35115 22832
14414 11242
23748 6090
10703 6976
5580 15710
10459 25595
15171 26501
6713 38042
8117 27828
7212 13157
10046 30146
15644 11787
26101 15135
36966 21613
24446 12807
39376 34648
39123 32851
31665 31482
7769 26434
6597 38288
21925 10922
7807 26686
25415 13499
17658 27054
5994 35752
20704 36530
2583 28810
8637 16411
35779 8222
14989 33622
31040 15648
30667 30533
38005 1142
13454 10486
23043 7856
18812 24136
18174 34662
14889 39540
22410 20414
19213 2445
35991 12094
6879 853
13678 39430
38321 28581
12641 36103
36229 32889
27383 14880
7777 35268
21406 17494
33728 34552
29197 39091
31248 34511
15387 12967
36055 4171
2663 30107
14060 26352
35737 24055
27394 25160
36536 30492
28271 7636
35183 4927
29367 29193
3215 3491
4006 29337
6559 2731
37387 25775
13053 20096
32993 31429
13691 21477
22165 4280
9880 34098
33367 30676
18319 38906
32231 32188
11829 28875
32949 37550
23091 39610
28167 37819
14795 4549
30814 2274
26938 35863
23032 34265
23592 10378
17183 15239
25515 21043
37638 22212
18573 32054
3192 17796
11942 31139
17742 13493
27460 23786
5414 14013
16269 29466
9158 17306
10733 27843
7660 21565
39634 22120
16782 11805
6706 4460
5674 10587
2684 30610
16895 7730
14376 15568
15681 30894
24437 16931
3921 20219
26537 14025
1365 6617
20717 30327
38491 3164
5784 28538
16354 32665
33368 6639
28159 27284
10331 29221
835 4188
23057 24540
27087 29875
34797 25839
20683 30410
36491 21865
7618 39038
20041 14408
37571 15137
5421 10812
29509 12321
13496 16509
6772 39288
13620 28869
971 15790
15866 17465
28775 24387
18681 16858
36292 29336
27000 26430
25292 2338
16928 39850
29471 28841
26095 33684
9575 8978
36695 24650
9284 38139
21080 30454
7543 11443
9561 1837
92 477
38951 27183
23917 36519
5166 20062
14431 13886
13037 10781
14163 4675
34418 26265
22698 39523
14423 32847
17305 6067
23711 22881
20497 358
20032 27401
23817 1228
1935 18798
25401 23838
2187 18541
29816 36757
31449 5380
33275 6291
25032 13684
233 11407
22147 32817
35655 12647
24260 20550
39389 35623
39597 9430
38367 24726
33061 4652
16275 21384
894 3008
29537 20814
11129 31043
18547 4955
27298 28680
9914 36882
20912 27006
17515 37387
10957 22033
10856 16562
22151 36586
10186 31663
6763 18200
6474 7820
14947 34787
8026 35962
11914 28690
30039 33730
32331 10213
24551 20766
39312 34862
17883 37607
9593 8483
320 7132
11361 34634
12740 34499
21189 3715
2808 31489
10856 2044
30519 37456
17021 28944
28473 2255
16002 31593
24582 6156
18311 28892
33002 29174
1231 11020
3449 34688
39600 4189
34077 19602
20995 31541
4668 22402
18384 1835
32822 971
19980 24194
11017 10819
29365 32433
38037 4633
36254 22111
22462 26317
14283 10895
38952 1151
290
12993 27165
24006 32534
34871 38707
34718 26990
9248 8217
14001 18917
4603 16363
19878 21735
17037 11196
30804 5381
8458 20826
2586 18437
34417 39277
21824 25165
8390 1565
14953 1452
36350 12217
16493 34116
35420 4807
37963 22088
36989 11959
14112 5159
24476 35246
33124 17558
16453 7029
38645 5801
38397 28104
32872 38322
39208 20091
19015 7199
33931 10952
29882 12306
6771 28116
39961 38036
19384 33100
11233 27649
18437 33184
23217 36036
32893 23309
19294 32837
38633 37853
3183 38702
35956 29265
16035 10950
15776 9468
10601 9152
4868 30947
7093 32738
34893 18511
14844 11479
2076 33813
29846 2416
12611 13208
1780 26847
12487 1581
27828 10173
26504 25983
31557 8277
18622 2305
35087 25236
1986 1071
13179 27514
24588 33569
37173 3602
15463 23934
2590 29151
39962 26397
25265 24870
33472 33447
13353 3093
1951 293
2832 28198
34945 34438
20019 4066
5834 7630
218 2415
11874 12931
9306 7015
991 29987
36519 26645
5721 9838
38895 33492
20025 7478
31045 16870
33224 25775
25373 7003
17743 11887
29413 28022
17096 7475
33497 5876
31554 19360
768 1548
21597 3353
20022 38558
14986 2201
15806 8012
35713 19113
25788 31021
12937 39666
27743 35014
31912 35535
14371 38747
38926 32980
21600 8939
11607 33716
24206 23482
11206 3165
25802 33321
30868 39395
525 12857
5295 25322
1948 7763
10172 4536
30982 31527
16969 5078
14935 38651
2096 8781
35360 30111
27257 37318
33549 10455
11554 33059
21716 33199
3275 37682
25470 13402
16270 24080
13395 22061
5345 36263
34682 4799
35980 20508
21930 6547
13154 32064
16386 22867
1837 3020
11766 18969
18951 5593
26112 26780
28367 34166
7109 18728
29896 34409
27056 24806
25645 5327
17864 38317
14159 6779
37431 24102
35122 9277
9070 14960
8570 3103
15740 8396
18466 3002
27668 16294
39876 33931
2544 20433
16854 34757
2967 3599
20923 1024
35237 7994
17553 38055
28896 15608
37025 20137
38367 26790
19632 15906
17833 22123
9025 30737
1143 18497
15949 39716
15687 31902
22714 7506
10030 27672
19883 18857
16515 11392
28882 4030
38549 9544
33807 4954
20657 11709
24804 17707
15688 2513
5456 10907
29994 24550
21403 1994
760 18160
28117 39187
28384 14668
11015 36878
5029 32242
33417 10148
16468 18820
19178 31882
20036 2421
28797 13545
23512 18923
14898 28172
19790 38549
36535 9424
32322 477
10303 12945
22332 17516
32768 9732
33828 11065
28730 34389
2455 3447
37424 36551
36920 33883
15829 37562
27661 33719
18406 14631
28610 13697
39546 18039
6565 851
37589 1324
31596 18179
1454 29287
30374 29343
28325 25683
34648 36416
21823 7915
22374 29417
29503 7939
33235 685
31027 34402
1170 2377
11683 29791
31711 31301
34944 26831
14848 9296
5322 30681
34824 35682
29395 5333
16537 26886
22424 9120
8271 5553
17900 39065
7396 34099
23482 1486
35474 16674
5308 5475
8972 17142
38559 26921
23210 21493
17384 34532
22480 30193
29627 39548
37756 19025
26833 7579
6765 15059
459 17296
39244 8956
30106 10379
25381 3860
13622 7559
21023 36000
38572 25292
22885 13800
19147 30796
23552 26457
15810 7680
10204 5774
4720 17515
32253 15868
16301 28259
37562 19787
1081 6565
30604 10243
22022 23832
20665 6817
20665 25448
1865 1425
18395 6266
1286 17859
11181 38612
37972 22997
30085 20563
73 10342
26187 21571
26426 24619
39326 27071
39348 26192
15955 11607
2160 20108
12423 33088
38601 20580
39357 4271
24192 3153
4395 18431
8258 14589
32110 2902
30042 35183
8348 21188
21420 30849
4849 1683
11699 285
394
33803 5155
14113 8295
3858 21751
7757 7152
7057 15876
13513 21272
27356 22672
35524 21552
14327 28070
33696 25391
11150 27209
37982 14098
33260 7426
21909 21812
9571 34348
39939 34715
14258 17156
39669 1621
14349 16164
15226 744
22621 14872
32884 13001
26134 6951
38973 1848
38948 4499
22944 7172
24801 13850
23419 15105
7600 10709
37054 12353
16957 3673
12160 11756
21439 7994
30110 24018
14174 33505
814 21256
7736 3081
38461 28440
92 20175
28647 17884
36934 4467
29566 23970
22691 7885
25252 3088
863 9812
9960 23532
5417 149
22896 20005
35021 9194
19775 21263
27987 27687
17706 30358
24677 29035
32807 34667
3988 16590
290 36047
4000 24928
10863 8422
2466 35776
18205 18682
18531 29731
25068 12450
4666 3167
14513 24629
39753 11856
14710 20700
9866 36104
38116 13505
10550 13864
7969 9102
26681 9078
10770 9900
11390 24199
20538 8474
19885 13988
38105 13810
12841 8945
13666 4422
33763 29701
35655 19518
12607 21466
8093 30618
29952 611
16947 35698
22584 29701
18953 33138
22493 7604
35838 13015
34534 36603
29886 3458
29912 23367
28090 5661
15024 7371
28956 8770
11310 38455
4737 21475
22507 624
5367 26721
13552 30246
18650 37822
34675 16154
19254 12036
20113 14
8645 26844
29354 29285
35230 5023
6731 18533
4665 16701
2890 5135
26708 3049
6400 23241
4656 25455
19312 31916
35114 37977
18291 1762
22571 16808
8220 11032
30237 3262
1142 11992
26780 6112
17795 3071
33358 19637
3538 12097
33484 30466
13748 26847
17510 7961
14441 2975
16101 18280
16190 19119
13027 2752
18487 27294
25417 38664
18590 30712
28844 29600
16590 17987
39875 32391
36792 39563
38205 4446
6100 3194
23715 25386
29946 4706
15455 28902
25982 31623
32811 36812
1453 24823
37984 9346
36122 19964
2483 28200
29430 33973
38940 5884
15228 13770
6717 32032
38405 32961
4300 10848
34874 7667
16135 20806
35436 2205
20677 30549
24582 18789
4491 10576
12661 9877
23533 4339
466 16063
4936 30863
12402 5049
8568 6425
3310 26472
5407 28974
16812 21913
3325 25573
13597 8435
39826 31843
6682 1731
16906 2406
9126 25059
26820 11236
20955 38696
4035 35418
14386 22494
262 34923
15337 28306
23161 16111
7823 7061
26231 7131
34412 24473
15015 30260
34911 24008
37444 3518
34521 11729
13739 172
38647 29495
5723 21238
1368 33738
28627 10884
16375 34936
31801 14456
39670 14620
11136 18800
12248 27514
2463 5729
18013 20961
7708 7122
14233 34576
5867 6819
14399 3027
17370 18425
11342 33318
37165 26939
26184 3404
22730 5204
4066 3106
31368 36580
11199 14779
10322 1093
30508 19373
21226 4748
4577 34609
16738 5856
561 32539
16435 27506
3300 4837
38148 6931
14643 30010
36663 32212
22736 33119
15096 26437
5000 30208
1822 9956
7395 19028
37686 7226
32488 3610
7279 38142
15655 31219
17008 7647
13190 18110
6979 26351
7266 20448
28545 33148
28126 12644
21643 37053
1620 36966
39129 3564
18656 914
13514 1850
20796 11902
38113 6801
3711 9146
16006 35316
18069 12115
3357 30213
38398 27293
2920 19612
27043 7431
32013 38214
27921 26786
11940 23553
25431 20790
15385 9854
19622 35679
12728 37893
25245 35680
31022 36552
22277 38690
23103 13562
24604 24535
32481 19317
37455 13581
36037 25164
13321 22206
7722 22920
20176 845
27671 6863
28218 30353
21429 33801
2763 24798
22491 10101
29140 27448
8206 18182
14360 6619
16778 23564
10047 3542
32370 8018
30946 39722
5005 11155
2021 3223
27789 29824
12840 8884
28863 15393
28782 2506
17932 37202
17765 13699
17976 36968
9785 16360
4861 18016
21898 7614
22545 19878
23759 12771
18983 11201
32749 22099
24238 7904
12780 38664
12115 25033
32246 37661
32636 32638
31618 21083
840 37233
36063 10201
32552 3024
84 29455
15813 16973
9718 20650
21062 33850
1832 24443
25951 25084
4413 2319
25937 2987
6969 5413
32196 2049
19503 16711
16442 2603
34797 17738
27340 24889
1897 7491
25790 39143
7791 29970
27677 20113
18963 24171
13635 260
35482 21816
30389 15247
39026 20730
8257 972
25467 33174
23903 11142
10539 38605
12627 34049
3062 19676
23957 6238
14339 6429
7671 7366
5331 19467
23129 38723
17745 5245
24126 36356
29043 15805
4006 35663
37582 38598
16028 12058
36397 15008
532 32693
2920 5384
662 4965
39837 24647
757 1360
23590 18641
16345 32682
19758 2919
21560 39706
33319 31501
4497 5424
37280 35140
23762 5916
10803 33166
3791 13585
28819 13607
10114 2523
32196 29827
18251 28832
18158 10113
33643 2205
14069 23134
34336 3018
31444 17065
17224 38818
8912 16987
20955 39249
13758 14441
31557 1051
30867 25864
35057 33637
5163 32851
20266 39678
12191 26672
3857 27285
9913 28772
32951 9289
32997 26324
33901 9819
346 2892
15391 1556
10591 5091
35205 32729
12682 23269
37894 14071
207
11397 15025
38938 27216
20579 27225
17232 19746
34662 6438
18620 39007
35057 4233
31279 9759
25460 25539
13520 29794
31766 38535
15261 17843
6137 37148
13573 7051
2037 15135
33587 15643
15246 13314
20655 13212
27985 17174
35069 37368
20416 13518
14598 32075
15667 20151
19694 15174
14275 37861
16116 30173
39996 5213
33606 33670
31317 27623
18351 19842
32942 23904
17805 3586
15935 27831
39690 375
23779 4539
1325 23056
37974 172
22133 18542
34258 38573
2619 7544
11025 18645
25874 1246
34827 29018
38606 6745
558 18887
10133 11352
9999 21637
31179 13159
653 13579
32992 765
35593 14627
23403 29738
24456 36717
4036 29784
27823 14736
12460 8810
4015 1785
39875 39813
13212 3825
13460 34134
16886 17836
7978 16104
10534 12239
28042 1764
27596 32421
12765 36542
1213 16620
18 338
28948 30502
20674 27173
39090 10601
435 10792
31691 35686
2218 34745
32304 24761
13244 12851
10338 36042
23141 26315
8953 33278
4992 37616
39915 18490
38462 24540
2336 5476
24705 14387
31137 33908
37540 39656
22492 10921
38002 4626
23687 17182
2008 3268
12739 34168
16936 2942
39317 6431
33750 2673
4787 22934
30527 24361
25127 38591
2536 31336
33371 25173
9473 2478
2974 25123
18817 28616
25116 13068
14940 32130
36743 37322
4033 26238
9544 11079
33541 1587
1227 36789
33576 23260
21625 28830
14948 27527
15687 12966
14631 32876
261 10581
4225 16038
36970 14838
26496 30830
16864 10930
31641 2136
38670 21992
2061 7129
12705 32771
12152 30914
36808 7512
12262 29721
36179 7420
19950 24909
3690 16907
38379 13774
2465 15638
1238 21179
32174 29197
311 18324
17462 19409
28392 14979
24893 16362
3721 27797
6564 6589
4807 35771
17743 17515
13609 39616
3686 29060
8065 29574
37735 13900
25746 28
24663 16482
26300 12077
5886 39033
38686 6457
23672 22030
13940 26566
13819 10598
20524 3961
2062 18624
32472 18238
10673 34623
19691 9978
1819 32790
28151 28036
23015 3144
38398 18206
5185 14813
19505 5849
19403 19261
22910 38256
5684 13129
422 39116
20779 32053
20998 31877
27999 2869
23076 38
25981 29667
35077 4042
12674 33245
14349 4637
24667 22897
30142 27142
9191 39799
34803 3631
26024 12577
39023 32688
32592 27423
3808 33934
21718 23373
37208 13055
24227 35355
22756 11121
22752 23528
28406 19334
16992 18416
30894 32274
11329 38076
26037 3018
959 7538
28744 1746
14102 16714
32855 29405
31739 855
28397 16745
28064 4006
24996 21709
12211 5075
18074 22353
30314 39141
37520 30251
38937 17103
154
1687 20897
21690 38678
21448 36956
4623 35481
14270 7887
21772 39902
3597 21109
38725 36710
2021 25360
11582 35172
18904 14660
27539 8979
33157 39016
14233 30228
30424 28944
25108 27997
34204 24671
35975 27401
12177 35706
22939 348
2011 28836
4280 24333
8225 2448
22884 1262
17750 30432
9375 39994
25591 5356
16101 6406
23953 36347
225 27328
26371 411
7303 36059
20307 26084
32507 36026
36300 35055
29965 21022
7267 18195
19835 19222
32347 13405
34648 35993
15558 28571
28039 20077
5710 30392
19850 3207
17600 9905
20304 19725
3103 13952
26079 35928
10513 541
12010 26232
37033 15765
19749 30312
14575 10282
5605 6678
2978 2909
5705 3793
16524 17558
37897 7283
5090 35167
13353 22088
13912 385
38128 33381
13826 14628
9063 6925
33598 32565
29547 14417
31239 3575
38562 8525
32831 31725
8833 18711
6535 32866
34899 2076
19994 32718
14964 23373
24357 36824
32818 9727
12380 17257
37386 3641
35379 5411
14379 5899
7711 3634
7148 17385
36229 15917
29923 37826
20623 24472
21804 11374
6211 33851
34296 22985
14583 14120
38732 27893
7452 1958
29955 23251
7742 27106
2744 11187
29762 25269
10545 27159
13954 14708
1264 6979
22057 14791
10176 13314
16493 4178
22536 8985
3259 14987
13788 24733
698 39467
20261 20841
4418 865
32138 25900
32100 28447
30408 27740
26631 35147
20104 17492
13507 29927
12681 31676
29865 16297
38279 7047
13695 17311
36724 22275
20483 3449
28107 9245
38343 8794
22435 4149
23379 17378
38783 12538
39043 24923
31674 17231
6259 26870
33964 1119
6152 11141
1222 6029
15430 39312
24856 27963
6718 68
1617 23810
12468 33280
13038 31323
30906 26730
25879 5640
9581 3063
16059 6155
36877 902
22003 20086
5751 20255
34732 12140
25919 26826
34870 15894
26680 8233
35541 15839
35814 14644
34860 1433
2123 33186
4418 1224
33050 20007
23744 2647
52
2749 8078
9110 20685
6951 30573
30055 9275
16092 37475
37645 22015
29960 37400
39985 32210
12374 22505
28312 9748
1789 16613
14882 2507
26336 22059
38295 16482
36794 13890
36340 26878
21936 9678
16778 3323
17928 7258
7759 23301
26019 30419
21522 13975
29938 19470
31442 15239
3074 21034
38487 7508
28493 15204
10179 38326
30561 3693
31504 6321
25602 26576
20106 23422
5396 26254
13492 35254
12456 6025
30636 7684
34421 12391
30692 23368
28673 39686
11244 11341
39816 12680
8570 37938
39230 26786
18139 32954
36334 14421
27935 14314
31128 22827
5938 7142
3548 31274
8303 12552
37428 28099
28934 25955
0