-35.606 63.677 -82.604 -78.631 -77.600 -44.158 -59.459 98.152 -88.655 -41.178 90.522 73.760 -1.648 -59.199 -99.413
7.835 83.735 6.405 10.880 41.406 -73.386 76.453 -63.954 -47.299 -66.896 -71.551 -7.484 -70.020 78.879 59.560 75.232 -12.256
16.434 44.499 4.563 100.292 5.895 -53.170 84.169 13.724 -41.283 -95.342 -41.926 -70.766 -14.426 -56.292 -57.279 -28.071 -11.366 9.901 71.158 15.241
-53.002 -41.392 -26.339 -51.075 79.087 56.043 -77.871 -33.148 85.788 14.377
-61.480 32.854 45.790 -80.073 14.693 37.205 84.493 31.991 39.259 30.811 -31.302 21.327 35.399 -60.037 -29.764 -74.778
-81.849 -59.592 -46.162 -34.315 50.339 42.435 72.453 57.391 -80.713 -49.377 -85.175
-99.226 -73.153 64.845 43.736 -85.263 -17.162 60.630 84.378 89.707 68.532
-76.052 65.264 69.133 -66.453 15.364 -88.152 -60.631 -24.257 84.479 44.391 7.864 -91.240 63.418 28.211 28.913 25.583 100.263
-45.671 -50.958 51.806 -10.714 85.249 -58.588 -92.161 -34.633 -6.982 93.705 -89.394 20.031 -6.539 -11.143 -68.026 -47.202 -22.737
10.913 16.564 64.137 81.829 67.557 -47.925 -11.955 15.366 79.984 77.803 -39.325 56.707 1.664 93.454 81.056 -40.309
33.975 81.142 86.386 87.735 21.956 -3.802 -50.585 -35.785 69.226 -67.585 28.582 28.677 -62.699
-3.468 87.299 87.003 51.545 1.377 91.619 -78.570 83.742 -57.221 -59.685 79.913
-86.878 64.790 91.752 -7.886 -50.689 -72.413 -40.024 91.219 -34.517 -61.251 -1.581 -62.965 65.821 -34.339 13.357
8.326 24.029 -99.937 24.482 -75.245 89.339 -16.311 -22.923 60.687 -10.270 -99.525 -20.269 -25.958 43.164 -6.198 -46.336
18.042 59.839 -30.685 43.246 94.788 76.151 -31.671 -100.317 -33.713 79.493 -89.875 44.613 68.551 -21.478
96.478 90.528 -45.672 -68.538 -21.204 29.643 -84.993 82.170 -100.803 -7.658 7.601 55.377 -45.859 -12.532 -58.997 39.837 82.295 -16.564 78.332 -49.495
78.784 39.233 -81.620 7.660 95.451 -24.234 53.313 6.697 64.740 -46.686 91.400
99.896 60.272 -1.715 -28.178 -74.489 -72.326 29.960 42.785 -73.725 -24.014 57.438
-37.426 -71.512 19.438 45.874 24.110 -40.626 23.640 79.619 -3.362 -13.911
11.949 -28.199 -34.470 -99.015 -95.823 16.645 1.273 -21.856 54.747 -41.859 -5.500 -95.469 -22.081 56.161
