483,404,34,73,483,51,289,426,214,204
286,344,283,487,224,145,431,192,398,260
-221,-131,-113
301,249,396,272
-339,-56,-174,-363,-83,-114,-201
-314,434,-345,-356,-471,-306,-23,-329,-135,482,-348,-21,434,-90,-114,-417,-339,-492,260,151,372,310,106,336,179,275,115,-52,-190,-351,309,-398,466,0,-141,443,-119,47,-103,92,499,-354,-94,399
-79,-323,-163,-98
468,343,84,-156,206,485,-50,-254,342,376,397,-221,-102,-200,-16,-315,-299,466,121,366,-374,-228,339,104,482,262,177,179,-264,-492,-206,-423,-399,-104,495,1,428,96,13,472,-56,71,454,-2,-68,62,92
465,29
-427,-211,-208,-288,-398,-283,-425,-393,-435
-52,-170,-286,-451,-295,-105,-164
-356,-209,-67,-132,-53,-434,-220,-241
-210,19,423,155,-319,70,-230,472,-488,-381,105,274,-470,-471,-191,143,289,-157,-109,201,-277,192,-230,248,431,-454,247,361,-42,339,-390,-357,78,95,-250,18,-87,-344,-249,-151,-20,-202,4,-82,-255,271,83,-325,181,130,-361,-202,393,260,238,-412,-200,84,341,243,464,-336,-469,361,101,72,293,215,407,251,84,464,333,242,431,-478,123,-417,20,209,-225,-112,445,-188,-252,113,-142,-257
346,154,316,387,-280,238,249,401,-300,-16,54,-443,209,363,0,113,199,184,97,-479,41,-308,-269,252,164,210,181,311,-373,246,1,189,427,-93,-211,47,60,57,-4,-40,-435,344,-338,380,214,381,134,422,296,403,476,-124,-308,67,-318,-459,-336,-486,-256,-183,81,411,126,349,-420,-493,299,-316,-254,417,336,12,-150,-115,-230,208,-295,-369,-1,-453,333,447,-354,95,-219
-189,-500,-61,-381,-341,-246,-190,-477,-251,-212,-398,-161,-181,-193,-177,-219,-56,-94,-96,-191
409,-472,-89,341,-472,497,19,-343,-456,-196,-342,-6,141,179,210,-256,350,-36,453,-255,-387,-85,494,80,-424,251,471,-107,43,-382,93
-316,-482,-109,-412,-250,-300,-236,-438,-444,-477,-207,-391,-230,-168
-272,-62,-99,-489,-471,-500,-300,-277,-134,-490,-451,-447,-475,-490,-489,-365
342,472,304,45
75,366,233,92,311,209,394,45,138,453
-33,130,-440,-370,475,284,-90,350,-207,-142,115,491,291,-444,-157,-379,155,490,125,440,352,110,253,79,-279,-176,71,402,117,-334,-155,44,267
-336,-125,-122,-265,-322,-186,-392,-237,-265,-441,-150,-479,-249,-204
-485,-484,165,-449,187,-155,-118,100,-278,330,205,-493,127,166,-6,357,159,202,44,-392,-16,171,402,243,-437,-116,-375,-487,297,-53,345,-211,218,-18,-126,-327,-321,-106,-63,197,355,110,-365,-337,-117,14,-169,-377,-283,-32,-227,338,-444,192,-318,290,30,157,122,400,369,420,-443
-140,-404,-427,-489,-123,-82,-318,-71,-258,-275,-257,-89,-277,-131
-130,-278,-241,-223,-339,-92,-258,-376
-486,-141,-396,-395,-387,-380,-136,-207,-398,-430,-465,-171,-125,-195,-351,-421,-84
-460,-216,-133,-358,-363,-254,-137,-324,-102,-197,-154,-469,-58,-406,-360,-132,-417,-283,-85,-400
-1
-326,-113,-395,-283,-70,-309,93,33,-148,462,71,18,-41,-32,-291,490,-472,111,77,391,119,253,466,-280,9,184,336,58,192,-278,-368,-364,-80,34,-245,440,-370,3,-421,145,438,205,-393,220,-319,366,414,-53,377,-212,484,-196,-11,-413,67,-272,481,-130,-126,-197,143,360,241,491,-270,-7,-310,-207,-264,408,192,-315,-261,-161,-54,255,74,-188,154,-48,-123,177,-36,156,-370,483,-462,8,215,33
8,30,107,-466,-454,168,-170,480,178,62,272,-142,-34,293,-254,-59,-292,-460,175,98,-191,66,-131,-305,-111,-32,364,-98,313,-369,426,-32,-61,-254,331,-248,-425,172,9,429,20,94,-182,-214,260,94,-127,-308,191,1,-6,-313,67,357,-266,-11,-393,-354,-22,312,-368,331,395,-125,-43,-356,313,-172,46,-191,496
13,137,247,380,115
-423,-429,-62,-487,-309,-347,-373
-233,-390,-262,48,303,36,141,160,-25,67,402,2,387,-277,-247,187,-380,26,-51,338,-66,-201,297,226,252,112,304,-453,139,-212,426,276,-222,-430,135,-101,407,-304,-343,-267,464,-286,298,285,-211,473,120,480,153,-381,490,373,-473,-38,-259,282,-419,-465,464,277,162,127,462,239,-160,-220,-470,188,-463,-151,452
-121,-403,-450,-427,-308,-386
-116,-348,-7,417,47,-68,-357,281,150,-157,-63,365,-294,454,196,137,248,-164,162,-445,-365,129,-425,-478,-368,-67,-262,206,21,396,-488,475,246,395,278,264,132,446,172,-72,335,210,473,-198,421,491
412,123,453,73,121,356,294,11,151
50,200,54,-70,362,486,339,-333,219,222,486,65,285,-179,127,234,-380,-102,480,-393,53,438,298,440,37,385,-63,21,-473,-83,236,-160,-319,108,-151,-41,-45,45,100,-443,-486,13,451,-348,237,17,-79,273,269,438,155,-391,201,-173,-281,-59,500,219,-18,-179,-182,221,39,-264,-495,431,-369,432,-317,200,412,175,322,430,-151,475,-253,-163,101,243,-294,316,4,3,-190,359,427,246,196,124,283
0,0,0,0,0
-121,-6,-493,-484,281,467,-82,272,-335,204,5,469,-221,53,338,275,-477,58,-52,-146,3,45,484,220,-205,185,-319,487,256,-51,389,352,159,-499,-480,-236,190,-102,462,-34,-497,49,-74,-279,488,-180,-322,-360,135,-105,-353,-363,55,-118,90,436,-206,-351,-391,-60,301,-314,424,320,48,316,27,-327,-105,153,-134,180
-185,-26,470,128,237,-118,-204,189,-67,-423,413,2,-262,229,138,123,-416,270,187,-306,59,-366,250,-145,-107,494,-427,68,-81,447,-156,391,-429,-306,21,-405,-238,-381,391,-287,356,-322,68,162,-186,113,-66,166,-462,18,-6,-483,-401,375,189,437,175,274,7,39